imagetype=uncorrected-q
dtype=int32
horsize=1475
versize=195
region_ulc_x=0.0
region_ulc_y=0.0
bcenter_x=1255.51075491
bcenter_y=1284.81936627
detect_dist=2220.0465017
detect_tilt_alpha=4.79101862048
detect_tilt_delta=0.565185197973
wavelenght=0.8856
Qconv_const=0.0031958043907
