imagetype=uncorrected-q
dtype=int32
horsize=1475
versize=195
region_ulc_x=0.0
region_ulc_y=0.0
bcenter_x=1258.84911911
bcenter_y=1470.53878937
detect_dist=2317.50787083
detect_tilt_alpha=4.7788913941
detect_tilt_delta=0.630813486576
wavelenght=0.8856
Qconv_const=0.00306140680125
