imagetype=uncorrected-q
dtype=int32
horsize=1475
versize=195
region_ulc_x=0.0
region_ulc_y=0.0
bcenter_x=1286.53620331
bcenter_y=2325.64354137
detect_dist=2980.09526629
detect_tilt_alpha=4.76448468986
detect_tilt_delta=0.890378267402
wavelenght=0.8856
Qconv_const=0.00238074078972
