imagetype=uncorrected-q
dtype=int32
horsize=1475
versize=195
region_ulc_x=0.0
region_ulc_y=0.0
bcenter_x=1264.56570005
bcenter_y=1691.40944732
detect_dist=2462.49943614
detect_tilt_alpha=4.77109367078
detect_tilt_delta=0.707599187697
wavelenght=0.8856
Qconv_const=0.00288115166793
