imagetype=uncorrected-q
dtype=uint16
horsize=2048
versize=2048
region_ulc_x=0.0
region_ulc_y=0.0
bcenter_x=1025.87332781
bcenter_y=2390.38007591
detect_dist=2346.73149756
detect_tilt_alpha=4.70749508298
detect_tilt_delta=0.539733855402
wavelenght=0.9762
Qconv_const=0.00274269593353
